1
2
6
42
021
027
0405
02304
088263
0088263
00861993
006100974
0080207226
00219287178
0008634767031
00088898722902
000690824786553
0008275073732046
000238804001546121
0000466718002092342
00004490717124909015
0000867067777270004211
00004667948883761025852
000063934932337104844026
00000048958903334001211551
000000485536506621164192304
00000086706125381405496888801
000000405105068317116443888403
0000006163454591079373991671488
000000084803636850191218958252562
0000000882655277182297714568382228
000000061210812761035396339638031362
0000000821044918155946881188167133868
000000025346906816748041406930997232592
00000000232573315666692944168366974133301
000000002538051844999764712109987623399173
00000000420908518597951364054362219035736731
000000002192470001422700067111106664716220325
00000000865379820993718204685334479118028879302
000000000272498511695962116543437798742382519518
00000000025156615704435026007180170836131662525433
0000000004836399651154426062413458989782577116005041
00000000021546270579931586023155373653837336036251406
0000000008258369130985164101185263408678448874751728562
000000000067337383460517756594161369165491084568022226911
0000000000692571561692984520088245030589498802189512262055
000000000021983236791969979116351553469246081861115142326852
00000000006777645368412583057337374098226807627063529551931421
000000000042012973138255788673592123361252278065762430468182806
00000000000021506986514677344886746066180621634087331710239041403
0000000000002116896100279523601123039646103424220822837823578111551
00000000000042877238804450598257966730465863606617587834907157185608
0000000000002764273186638873430969469939833573108924655200604823884724
000000000000882231149708175465872380185720386247290274083142933796348032
00000000000004857226763494415012308595961566574800156952957285635330469621
000000000000040744786854861188879794637949427364746540458154368408785899017
00000000000008218448154120662269748308943122323450910608655761277840591962504
0000000000000424199960244292411818132688283864705150194749281758782821331650532
000000000000061049492128045234786277678209543604983027910939737538986545811386831
0000000000000069046967729442595421636062714570834633223811436724410931472117890238
000000000000006589084939504990300630889825400622722526671218658008897422778312085705
00000000000000270112874286136129123285279708221088046705945322135652573978306237996413
0000000000000063579272169959726018268627220963774457318981638076416114600444045138062891
000000000000004032407412573498108891291545471615568208084161533983334301461488581239688621
0000000000000006794775598834313212292947345431558526812526945876030713276660742802950567428
000000000000000614841180176968621068235478897883460392446257248742042927300460344770939443445
00000000000000027834963426976200582610739542594041353676172446450669095894288258688181901117463
0000000000000006923812175441228108370171732767635531029937401851719658140990069950386342455300842
000000000000000424746041457972752329040846393963025398445072290938272188833864273113141824254221171
00000000000000008691354898728590082646826355575852464524183985463789098612738727069719896996617587911
000000000000000082796710970873086885883367034688532697021806485882010629932446761125713268765885874058
00000000000000006140247298612278948387936941032838982379648719087704727647258307042516868068867385443216
0000000000000000863096107133817604012240732900809185105092820070086700111505218317521980434862151645110744
000000000000000023278052954565179007532114538629116071179439028152386541287352122820359522146839151445887033
00000000000000000042451834490476827577624855621549859773822107568834262906633049561177464919089359311804190842
0000000000000000004222799277113297355943404481692897842765339239735354930328556411680622397894520506661074945881
000000000000000000842168702560080024651943199160886475187648853802422973047389482803680487070436968582820290381541
00000000000000000044377131268054266700243252353886652826984009915288497594713782264023785112575413879260287118242311
000000000000000000671010148018163335068105396099738722360868312709175977612808960256138935171441586825792870312816498
00000000000000000008041808276844986624884108455293072285054490177525756324375648556123568132733511849220836264075496517
0000000000000000000840495479424354816526502983969710936179405685478595261374427532145019018751324379785897637470206217975
000000000000000000063911761974808131700316841998437499347670439061716823399760492318346649404989602831248471482107333463574
00000000000000000008860907807730104919597843392669926515796382575342257264434670430563417501602108117479811568560279693255493
0000000000000000000297716513576178692275889214686171921319503832306488117849402426826660008821310319757839996623535654310424133
000000000000000000002321572810429043254682040154339597951620065257219101504602475033436650084951160622449749496720550834114017182
00000000000000000000259506617556491310943646498767205424794226102769446783805718392425507848251795214430232556718323727638359072242
0000000000000000000042871744374053974146323243860804713957275114564121152792232126531608373879225959839968150063127177259738927577012
000000000000000000002158615336614828105408442141001913991820481265988689085124486643993949869022083482645546548697411934893752246284581
00000000000000000000865799928308092726600678707521999393790587343017133870702531945814569463266693890391635426291961218016480906155970561
0000000000000000000002118799644327165469504880731312995456785604903935894073686122496678864821699655887375280263372259037941671844695175841
000000000000000000000291800867633861157724944057459382586567499955177076351795437147197776609674668685741241594957865661552692048767251002531
00000000000000000000046635765628968470135374314073832164034481591538901773183928593204865341457851719977577035537852342357455270314645041483421
0000000000000000000002570908707839826998383035484486159823025125137641217086423121822416815353146759223574126340426032615029574751461807052776511
000000000000000000000886035043583202156568065854514385412901922036729714968991540434473794703278281085308681400106687652582563720803476566516637801
00000000000000000000006351405370662246863228236586442458357356717842130749578939243217505221296827371104364779359072749399020799526295093288487992301
000000000000000000000065478936503457569837490570289847000730674986789994190908222294838450673444597762156846381851108398145104175902986949078439776199
00000000000000000000002323876074676187697698148216215627098557197850889457818421654733391377440185167927191931834321789636594952482335891128428695729169
0000000000000000000000637657462149240648068850585063289119277029516792888973223200707074927778324943661598704673969083742427503475816265477423888440986249
000000000000000000000046861901258115285732272802979635268281565167936414980651992239999571259836929586412618346286951709400766265883299618625144934451262339
00000000000000000000000046861901258115285732272802979635268281565167936414980651992239999571259836929586412618346286951709400766265883299618625144934451262339
